5353
6586
4429
1060
3271
2057
347
5817
1875
8514
5037
2901
255
200
3081
5547
2709
8854
3638
1165
1923
1161
5047
1102
2347
191
1381
2863
6271
1918
6053
4811
3317
6019
2258
2027
2972
3787
9236
1825
3118
7235
1050
5061
1101
8533
2113
2623
2953
3232
1291
1020
5673
5600
2828
3621
6048
328
1888
855
6962
5043
3705
8162
2162
1304
173
158
2616
2035
1622
1252
1723
5256
4600
1701
4304
5398
4613
1716
1269
4848
2153
558
177
166
874
1148
6136
1403
3624
5105
2862
843
847
3090
2977
3431
4511
2948
7344
854
5129
1049
717
7209
1385
4269
2231
7096
1485
5013
2802
6741
345
7341
5286
95
8087
3472
9086
2031
674
6333
4055
2822
3275
82
7285
1205
1301
4058
1484
632
2764
9344
1390
205
8853
2985
9162
4053
3961
2881
6178
3770
9518
675
5591
4702
857
8495
2963
1106
176
70
3839
3695
836
563
7797
2660
2050
2624
2965
2968
151
1615
5226
3318
5161
259
671
2590
6663
150
1211
9165
4478
117
96
1702
2100
879
6052
2774
2650
569
4479
133
3974
4481
3088
1189
686
9237
2804
7890
3563
986
4974
4462
192
2883
3736
249
1075
1297
3085
5519
1139
1040
2877
4742
2147
1105
252
2733
2661
8459
1010
1019
669
8095
1001
2261
5739
4143
5634
864
6971
4894
4795
3080
4604
2978
1920
7246
1062
2259
1919
1542
3227
1094
2871
1993
3077
7833
2207
3913
3249
3820
2958
6059
887
1090
2353
1185
954
8126
5155
5821
1627
93
2651
1157
1063
9432
2852
689
346
2809
4530
4002
1617
5630
1660
2716
7455
7362
6838
4493
1260
63
8416
6706
278
951
923
4029
4273
4446
2223
5976
841
3669
1045
1488
2902
1915
5494
1491
351
18
7222
1061
993
4810
3694
2966
5556
1143
1074
1673
1041
2728
2512
2899
1184
3946
4072
2979
3086
8734
5213
152
1172
261
2030
1220
1306
207
9213
3654
5020
1016
2413
6120
3676
2505
2952
2288
1089
7323
185
1008
4094
1464
6660
2895
4990
1076
1018
14
6771
8224
3056
1600
7108
1043
2973
997
3417
984
302
251
1418
6247
1638
2264
1002
8529
1097
4853
1088
920
1367
1141
912
4865
88
1082
2879
2278
4374
2041
1066
2838
6965
1835
473
1573
9075
3438
5154
3380
1011
1012
2453
6072
2474
858
2732
964
6442
6244
5189
330
5473
129
2726
989
4507
2986
6217
6909
203
3975
5318
6995
228
140
7743
2970
8565
2722
8750
985
2265
5247
9369
5427
188
1017
1032
2744
1452
2769
2711
1280
995
194
79
5027
432
2724
3145
1071
1048
283
2816
3224
5322
1751
8658
2166
9091
175
8368
8756
1486
8944
76
4744
5180
2710
2140
7367
1079
1025
3658
3902
284
2618
6057
8408
8101
5439
331
2178
5440
2729
2768
6662
6713
8049
3568
1868
2780
2257
3038
1166
2005
6522
5106
1272
693
6844
2753
6625
958
8353
1449
3664
126
2772
7392
4886
779
9077
4772
4624
73
1222
64
1067
2290
5575
3205
3845
4788
3239
470
4762
3492
3031
2260
274
1037
3788
990
2752
2281
2414
1087
3750
1055
7738
3058
2049
1154
1287
7637
9289
149
1044
2714
1188
254
1714
2514
8970
6806
2737
2739
3315
1150
2750
889
6096
4056
1171
9211
1953
3826
2887
2932
5492
5194
1276
2723
172
2761
7244
4601
1163
2725
1704
1035
5036
2706
281
8033
6553
994
5142
148
4659
612
1084
2754
2748
9256
1676
2599
8181
2818
5671
5269
1748
1054
6365
2701
7977
1525
6425
3194
6092
3409
6041
5802
6772
1249
2777
5214
3150
5723
8517
5766
828
92
29
7766
9126
3542
5094
3173
1500
1625
6002
3633
2161
6709
114
1934
4758
8568
4421
6980
3729
2262
4521
4397
768
1900
1081
4935
1065
1619
4654
6058
215
5834
4492
981
2328
4127
9363
8598
6469
2938
4188
1728
4871
6816
1710
2594
2519
3504
2765
2611
5146
213
6573
2678
7173
5056
7160
1051
4842
7612
3424
3226
5483
557
7335
7445
2745
4546
5617
3151
7661
2715
8889
7981
1750
7238
1015
2984
731
296
6520
7426
4605
2755
293
1755
2922
4173
4682
1267
868
715
8384
4119
3083
3092
3274
4747
9287
339
9424
7709
169
1432
2132
5705
27
6533
35
6068
9409
6377
2107
2502
5896
5541
909
2451
840
897
15
1444
8301
4580
3516
9243
2598
5040
6512
1589
4057
3854
1793
7319
8295
4022
8951
6981
2156
2773
3084
2040
2713
3635
1013
3040
678
955
1620
2695
412
1611
5190
5195
440
6537
3715
1219
5304
1612
8860
6815
649
2323
8006
6835
1829
5441
280
3697
1346
7174
3078
3549
5675
5722
831
2404
4804
639
4960
963
6716
1566
62
7405
9134
1815
7936
5500
1519
4818
3548
1910
1320
6419
7719
1968
2605
707
3988
2578
2974
5578
2230
6117
2136
6129
4305
2583
1814
9446
2073
4780
3812
4763
431
51
2608
5465
1375
2727
2144
3300
6931
128
2279
1024
4360
6737
9157
6116
1164
1162
8696
3313
143
1096
5622
5302
6338
168
5336
8966
127
5986
7019
4874
4646
3458
416
9464
5610
6142
6635
2731
2708
25
6471
2720
5210
5406
8947
1433
2029
7590
6190
9172
2721
132
3233
1225
7219
5102
5960
3534
1563
197
4004
9059
1719
2345
5801
915
8490
2648
1841
3899
637
5861
750
4864
4614
5378
3244
7307
5392
5379
2314
2872
1315
6449
2612
2475
723
1173
77
2232
929
134
7692
6389
5060
8842
4138
8603
3204
3853
6530
1664
1296
2997
5952
6182
4882
907
5546
8401
8896
3626
8063
1475
2080
1213
962
3433
1104
2751
2492
5632
2225
2125
4403
2542
5677
4096
87
2405
3075
2362
3216
4631
1843
5923
7342
4469
6493
8733
6132
1942
5173
3999
2401
8269
4652
4558
5685
3657
8888
7037
1925
5955
5225
9310
4971
1342
5388
6474
849
4296
2892
1833
7355
9283
4883
4808
4709
1327
2356
7509
5091
6108
790
2893
6919
206
3994
4396
1976
5947
3360
1490
7166
4230
825
705
7708
3659
6360
1532
5761
3241
7059
3506
6883
154
4342
7840
2205
5267
7983
6524
3756
5672
7669
1378
424
2173
6738
699
2981
4079
927
2687
9396
8439
6932
1781
3972
1182
2527
2167
4460
201
6204
8778
6792
3130
961
7974
8935
7784
1363
3297
4001
2626
4936
2053
6679
2923
9428
1395
8472
2884
2063
3032
2090
7624
9499
5201
6359
7932
5149
5474
4809
8971
9335
3724
2358
1980
5153
3418
6670
1689
2532
5273
3278
1283
1207
2392
3742
1618
7497
3286
7888
3955
1560
5290
3597
6492
2697
1945
6456
3020
6128
9450
7949
9476
3234
1241
2971
75
953
956
1974
4925
235
38
2574
3064
3477
2577
1557
5005
47
40
5523
1959
243
9015
5122
1284
5395
6407
6633
725
1190
214
3373
2346
2798
5702
5108
6322
270
3933
6519
6145
8710
5825
300
357
3316
5017
4242
3122
4589
2070
9097
7279
9451
4740
9307
3947
195
7526
49
6368
706
2325
9078
7530
5480
3110
8550
1358
6251
3764
3482
2072
2743
4656
5706
9279
1583
8990
1884
8552
1834
5899
2503
4137
2700
306
2903
6513
5200
3928
4973
5003
6983
7245
6226
7416
5052
9251
2098
4905
279
3475
3725
643
1325
6701
3468
595
1559
7296
4872
1651
6252
966
5301
3681
8205
5399
5496
2771
8053
4858
1658
1885
9110
5716
2667
1095
8079
1248
6746
2485
1938
3396
3312
9262
1943
3430
1343
6954
5419
2621
2572
628
6336
7926
157
5877
3218
1623
5090
8571
806
193
1203
6761
303
2491
104
8857
7122
1796
4453
3713
2380
4537
2825
1299
8491
329
2394
769
4533
7334
4880
4581
968
4353
3210
8432
6541
2848
3859
6229
482
6540
1348
6764
3285
848
5300
5330
5252
5333
6290
3460
1406
4239
7076
798
7017
4952
4891
1103
5377
4692
3149
1117
4736
1931
8402
6882
4867
5118
4043
2507
2607
3039
4735
999
320
7380
3645
8105
5196
5299
6640
6757
8616
242
5549
4576
7584
5298
3280
5382
265
2998
4587
2369
6567
4757
1137
3266
6542
5958
48
7531
7328
7956
2586
9177
2814
130
6813
5018
1872
2597
3098
6255
2033
3760
4157
1512
2124
3054
5897
4766
1434
9205
7965
8083
2367
8093
7726
7185
2371
6604
9069
6177
7099
4588
1080
443
1903
294
1033
1962
2484
2749
7001
7589
3279
4555
2101
1028
1389
890
1059
1056
1053
8380
9362
314
8724
5334
2359
1181
5645
5438
4223
7841
1609
1027
2308
6034
2928
2500
1659
5895
9074
4391
4691
7648
5373
7324
3037
5840
3462
4205
6602
4941
899
4189
4073
2497
1937
884
5121
5522
9505
3632
3281
4745
179
4570
2779
8765
5057
7448
3774
2286
6754
6090
4923
3120
4836
8738
171
2844
1668
4904
3247
3911
6023
8420
4940
5694
1941
3634
8715
6591
1892
2522
6975
4562
2589
3917
7633
9141
8879
2876
4900
4710
3071
7207
6546
8746
5626
1496
8355
6163
7237
6729
9466
3610
2248
170
2890
522
9087
6866
3967
1680
1540
3745
5396
2135
8916
3222
1788
3842
7976
5832
3033
651
6420
6180
2889
4186
1969
1717
6297
800
8171
552
2576
305
8924
2158
4930
9079
1826
3012
1596
9227
5968
4703
2870
7576
7286
6789
1746
1155
6380
785
4641
6159
7352
1408
8681
8271
2058
9214
7885
742
6728
3253
3309
1176
5168
8086
7674
8510
7629
4571
5454
1947
8763
1562
8852
7647
7039
4662
232
1950
3015
4014
4092
4122
6507
8378
3726
1289
941
2568
3841
1844
7081
7573
5401
2847
2055
3166
972
6661
6694
8085
2854
6760
4554
950
6379
3326
550
6406
3168
1946
4440
9457
333
5294
6148
5205
2224
3476
9166
24
5204
8561
8377
8811
6427
4215
1257
3223
4037
1936
6786
2128
6107
1753
7517
2595
4988
1908
7466
3442
459
4752
1480
1985
99
5679
5966
3880
9022
8199
8607
6517
3198
2807
2051
5713
9523
6539
1647
4272
1823
1635
8393
2547
2420
181
871
3215
3574
2483
4829
7960
4117
2494
5344
8414
3372
7075
370
449
2069
7032
8783
670
3959
7545
577
5501
327
3698
1126
6015
1233
2544
3073
5324
6830
6580
1006
3493
3617
2738
7210
57
876
2329
1790
7777
1771
2163
5726
7425
5117
3327
6877
1224
8934
2012
61
4393
5329
1328
2168
1474
8039
2410
1036
189
3989
2342
6732
883
1813
5371
2254
4490
1652
5571
6232
4131
7753
307
7157
1250
3733
7161
1966
202
2606
4515
6948
2640
1264
3628
6184
6153
7547
5137
8744
4293
3689
4966
6897
2766
4683
1961
2762
7165
2510
3308
9196
1364
1520
3893
1133
2185
6047
1046
8115
2545
7519
697
5830
4564
5612
4972
5187
1259
8492
5576
4434
1136
5872
821
7396
3553
7962
7317
8898
8223
4336
9231
1727
5246
5565
1634
3459
3719
6085
322
5355
1528
1410
275
3367
1975
4470
3069
5228
2477
8051
8789
6534
1806
5450
4051
1588
5447
183
2419
2880
5208
3722
5463
7094
7569
2150
2234
8981
6659
1160
1602
1384
6410
996
6370
1535
573
9458
4979
8943
8143
1069
2442
6008
3699
1380
1323
2115
1467
7282
2217
7650
4472
2206
586
7379
2267
7012
3680
4130
6978
980
2245
3901
7105
7252
4387
4517
1312
1070
5854
1948
6942
1332
1631
7673
1956
5970
3091
1388
4106
7705
65
7958
5486
7505
4228
1394
5176
6099
6614
9309
3127
1896
2799
2111
9037
2216
6393
5402
8209
2403
7062
1707
6371
1679
7565
819
3153
5497
6842
3575
1489
2789
1235
2573
2006
1683
4128
8788
6915
2898
3
9385
8360
2691
7718
2787
6596
8407
316
7262
2562
7717
2357
321
5099
68
8278
7170
5437
6012
9325
6025
3622
8755
103
4625
3302
6935
7439
78
6843
6829
1553
5644
2554
2593
2315
3844
2943
661
5328
8279
4277
6845
9216
3009
1578
6413
4413
2461
4262
3497
5308
1318
1836
1145
3124
5436
1477
3631
2303
6930
9228
3062
7064
4439
4634
6037
5031
3185
9040
1693
2386
8444
2056
3189
7615
3998
2429
5055
6214
268
6014
6373
9170
7991
8670
1265
791
7898
8405
6304
3378
9513
4932
6963
4694
6016
8513
1333
5080
359
2746
9189
340
6503
2567
3048
6896
3616
6618
6063
8522
4668
8952
7007
8732
6422
4474
123
4665
8867
6158
6755
442
2466
8017
5488
5394
6414
7687
4329
6097
776
8029
2034
6899
8433
1864
1478
9257
3943
2559
2698
3585
5114
701
2222
5604
873
7358
7215
1242
5356
1379
2360
3776
5276
2195
9180
5732
3605
356
8902
6005
2680
8882
1135
1448
9137
2571
6902
4575
9116
3157
6869
4765
1690
8430
3135
2189
6187
3637
4989
7168
2670
9454
8225
5278
4636
3924
3047
4102
6216
3936
8507
9005
949
1824
4839
1999
7733
6086
2120
3262
1099
1119
1983
5420
7475
3176
8699
1786
4067
5884
1982
2028
1243
8831
1288
6747
8237
3386
318
8395
2841
460
845
4268
1817
7820
810
9076
5185
1258
788
6612
12
6568
3740
856
4077
7218
8872
6147
2299
379
2320
4124
2083
5508
335
9178
4792
5364
7845
4620
3306
1524
5900
4496
5354
4093
1341
630
6123
5826
7880
3076
7011
1928
3576
7202
5263
7320
933
1120
4544
7340
3142
1401
2469
4726
6734
5215
3505
5762
7864
1052
2625
6650
7837
9522
3970
7688
1440
5803
8641
8233
7824
5857
7942
3255
3671
4819
4526
5410
7728
3206
6479
6927
5554
1214
8737
7842
2449
589
2344
1865
2613
7145
6847
1298
2855
2504
2810
2931
5000
1556
2643
6791
5456
7524
4467
4194
2348
5669
2221
6461
5123
5534
5397
967
3074
1565
1369
2770
2615
3541
2129
6006
8899
1853
5836
1146
8438
5978
8304
210
1134
3456
5637
822
3115
1202
2157
9498
2949
4349
6435
1366
1058
2808
7121
1402
3221
8140
5509
8245
8521
580
2079
7389
8058
2742
659
850
8592
2560
4401
4720
5988
216
3630
6441
1072
5862
7639
4998
3945
6767
5992
5847
8110
5938
5432
4330
8296
3299
4782
829
9235
1517
8577
8543
1697
8314
9084
6601
685
1387
4690
5119
3282
1791
3523
56
3201
774
1581
4167
9442
2864
5725
6907
4602
7003
4797
3314
5750
1240
3251
9282
6357
3636
3923
594
4787
9130
2478
7318
4887
987
714
6022
3662
2110
1594
4837
7832
6970
5882
6950
8623
3363
4756
2957
410
8193
5120
5376
1979
5676
5199
943
363
1398
3984
8484
2685
7330
4868
2210
3973
1277
5655
4206
4406
2846
267
4731
7593
6074
2631
1709
5863
1558
3867
8088
2604
8235
8480
5177
4350
4852
3068
3219
5888
2658
338
759
2775
6362
7195
4302
7365
4670
4612
4135
3175
2652
1954
4318
7644
1720
7664
5909
1855
245
7402
6480
2397
7642
2428
9129
6181
9145
4638
1391
8506
1073
430
3731
5362
3485
4236
6341
9277
5130
219
7034
1417
3817
8791
5238
3099
1009
7799
5598
1237
2537
3437
2633
5757
3851
8666
7421
7420
892
2174
6550
3896
1820
8479
1083
1904
8982
2707
5618
291
3288
2468
6958
5477
1399
9212
7935
5188
2627
8394
1744
2897
1208
3708
5889
1867
1411
8163
3857
5686
1215
913
6812
8637
6032
5087
5620
6126
3370
5255
2849
6759
3284
2580
7277
743
8294
8216
6744
1742
5444
4070
2600
8828
4252
492
817
9092
1078
775
1357
4104
5651
5413
816
6141
665
3007
2614
4506
9197
4450
5680
4500
607
9354
740
1963
2956
9105
8706
1818
2177
7568
1653
3024
5979
3727
4764
2969
5819
3846
8299
3838
4547
4519
3891
3691
627
7716
5583
1279
1722
925
631
3535
8362
2201
8345
4030
8152
8625
6609
2025
1359
2071
4984
5963
1168
6925
3949
1156
6487
5076
3353
3768
7141
4392
4716
2046
1253
1616
7031
3196
7787
1674
729
9142
6787
344
4644
5553
648
737
1508
7056
3843
8855
6172
7178
1116
4761
6820
1209
2885
6354
4913
7441
8461
4221
414
1142
634
7471
5022
2945
5484
8342
1672
7581
2078
3914
2665
751
738
2309
5124
2937
3471
6294
1273
6624
8650
3825
8222
896
7734
8335
8313
272
4608
1921
7617
1712
7456
5073
3128
1187
3517
6581
5280
5907
2521
2819
4771
650
4675
5646
2858
4197
6619
3748
8339
287
7875
1784
5258
6201
5257
8511
8106
3877
3958
946
3389
8429
8052
8735
1007
4674
3295
2649
5107
211
2384
223
222
256
9176
8000
4356
5658
1042
9496
2730
3164
3445
2374
5162
1446
3653
2064
1555
2495
8448
6268
467
6505
7798
6248
4822
4465
1487
8226
2084
3674
435
5296
1271
2533
6756
3987
6040
4012
6139
4593
2603
240
3550
757
9039
4639
2131
2587
5144
1777
2176
547
5297
4049
894
9101
8553
636
4607
1149
8383
3014
167
4301
5642
551
4275
3256
2926
8487
1662
3129
5531
1543
4660
1307
885
6798
3094
1637
5638
8518
4422
9106
3515
4050
3941
3818
1847
760
7182
4195
9459
6327
9122
2026
8412
3754
1262
9193
7543
4532
4597
3466
4044
804
5313
3082
642
4689
3906
1554
1492
2964
3509
4168
3192
4078
7159
5265
916
7216
7693
7941
4247
974
3643
4623
7578
2133
5874
3888
2263
2835
7566
8449
3311
8643
7301
4838
6270
1100
4346
5662
230
7302
7303
3940
8544
1509
4632
2137
5711
8950
9083
5370
6730
5828
2060
3892
7869
3287
9502
5657
6953
257
2860
578
744
2718
1655
1530
3971
2534
7849
3197
1372
6302
5865
5927
2192
6105
1736
5282
5219
6717
696
6127
8863
2306
5891
2228
504
5719
7030
5425
6724
8655
4695
3225
3711
3710
7856
5097
1353
6049
3814
8596
6035
6985
9151
3259
4315
8617
5910
3193
3641
4951
315
1123
7752
5134
3533
239
6137
1144
6250
3276
5038
2179
8456
3873
4724
5894
5875
488
6458
3847
5939
682
8128
5715
2467
1178
6860
2310
1536
859
5738
7364
4807
7101
2377
8357
1462
8632
4513
708
6996
4664
623
8948
1454
312
8434
1929
8969
8564
4343
8089
4687
3730
9167
1429
1239
5426
145
9192
6443
2655
6623
7776
9175
6490
1077
7233
8483
983
5689
7188
4132
8892
4514
3968
3895
8122
6366
4335
1483
1039
8576
973
6799
2481
1785
5077
7542
6291
4139
4926
7781
5048
2431
115
6538
7095
6576
4456
6448
6575
7312
3046
2418
1624
6310
5369
8909
5111
4881
2653
9121
1506
7236
2454
5768
1158
9371
4041
1725
1236
8900
1218
2518
7255
2812
7345
2482
5798
7268
7086
1031
4140
8285
4572
646
7896
2960
2004
4021
3117
662
692
2324
7903
3230
9053
4647
8230
716
3184
3734
4027
8485
2242
67
3121
556
2596
7332
6749
3918
1451
8679
7339
5470
4323
7194
6396
3885
7267
8986
434
3543
1874
8375
8256
2000
9114
9125
906
7146
8358
9066
4357
7997
4713
5015
7015
2455
4033
6797
4946
3802
9314
3481
2908
6077
1741
9312
3808
2301
4216
8145
1630
8695
5550
975
2610
6516
2008
4371
7243
1129
5407
2212
3510
6510
4539
4821
1897
5093
8875
2444
2352
710
5774
174
7485
1397
4823
3619
1300
4211
4419
4267
4928
5929
919
6959
2432
8150
2116
7223
1131
371
5823
8874
341
2823
7740
2947
7242
2827
4789
7371
2888
7283
9412
271
4400
6003
6051
7659
9201
4790
5245
7886
1752
264
8187
4801
3511
3738
2226
3172
8010
2565
5012
8630
1026
3687
7858
6264
5949
6476
2191
1371
2980
7681
2319
6213
1504
2663
1232
4321
9406
4969
8286
204
6979
311
3052
9350
2169
319
5564
2791
3131
4980
1431
9377
5032
1650
1022
5325
3609
6833
6906
888
610
9270
6269
3813
7999
6064
6841
3508
3332
609
515
1038
4486
7413
2213
9280
3848
2609
3483
8937
784
7120
5573
1092
2564
8291
8060
7179
9468
4016
2313
1128
6828
8130
3188
105
7553
1281
7870
9240
7280
7112
8921
8398
7428
4378
4367
4895
2628
2399
1669
2376
9221
4976
8949
3518
5179
1995
7867
3561
2705
7016
5601
2866
9343
8945
7472
7539
3180
7048
5320
2528
2146
959
7373
8773
1414
3301
1085
2919
2296
8317
9511
7815
4087
6861
7763
8729
4970
6888
787
8132
3513
7540
5284
4552
1686
2842
9173
7638
6999
5701
4860
2018
3660
4505
7025
7147
7747
5042
495
6700
3507
3258
4889
5977
8418
6447
1773
3167
5262
4768
6199
2592
6101
8864
794
6263
9085
5579
5545
4495
3828
6549
6714
6876
7433
5305
5957
6500
3026
3292
6143
5914
6784
8234
7521
1370
7377
4179
8462
8877
2181
30
4529
395
7722
7411
5822
7677
2255
3647
5135
5181
2659
2406
1340
8815
4621
138
5113
8142
2891
4825
3461
5782
7004
3732
7150
8099
5460
6674
6081
590
7930
3415
5829
7144
393
4861
9100
186
3531
5351
4245
6146
1450
1646
6374
7378
4721
4635
3448
3436
8686
5277
9510
7739
4418
6236
5879
389
7891
6457
500
3887
8554
5538
2967
8848
1745
4594
2591
8200
3642
8260
2910
9509
1576
2845
4035
9063
4031
4308
342
7620
3611
4767
7361
405
4870
2924
4855
7129
9521
2831
4806
7329
930
2322
9365
6805
3096
7383
7992
2548
597
5911
3907
5016
1482
4609
2233
217
71
7399
6224
516
1671
3743
1331
3779
474
977
3199
5765
116
2062
4700
184
945
2412
7873
7882
2767
9345
8718
4484
1792
4849
4873
8366
5039
2114
1386
8158
3728
1807
5014
7822
6454
9056
2666
2865
9038
4071
7917
1935
1854
4120
2297
5827
4986
8032
8787
4760
2436
8277
2122
7808
6350
6218
3564
7512
9331
6176
9030
8883
1894
5561
7400
9478
7900
5007
1324
5627
5580
591
5930
1715
5342
9118
8963
4222
3821
1192
7459
5740
4681
8697
7751
5951
7839
466
4550
7853
8186
3340
5157
4498
2355
8662
3441
2256
8007
5315
475
8793
5088
7579
7470
484
4924
3640
4678
422
5991
7434
7368
7682
4573
4862
3944
6215
1621
4844
2300
5491
6556
657
4749
6802
3305
7027
2566
9326
7732
1339
1675
3429
5348
7321
4650
8109
9143
6071
1901
7152
3827
4997
4528
5967
5759
5207
4214
6566
426
3835
3964
7136
4313
539
3298
3590
1465
5303
4402
2946
4150
94
2896
3625
1514
5885
7249
365
1251
3977
8048
1110
3401
3868
7154
624
2582
3929
5490
2912
208
5856
2861
8727
5513
6285
5414
6115
218
5171
6356
6130
2999
6205
5442
85
6150
5953
4896
4000
3358
5211
622
3532
8656
5132
3365
2398
6646
6795
5794
4502
4375
1955
7916
5345
4817
7912
288
1842
8469
9233
2569
8537
2575
1547
5913
2674
8912
160
7393
4487
1302
5537
5837
9288
4187
7073
8367
4089
6367
882
7502
7486
3385
5790
5529
7827
4294
917
444
4366
1569
6891
8486
6895
6394
8768
7561
2683
1585
1917
124
8509
2676
6428
8057
6742
7954
3126
5602
9112
8995
3919
7619
3375
7920
3721
6933
3559
355
2619
2784
3410
7788
9336
1337
8477
2388
8159
690
6880
1996
4292
9388
7050
7275
7905
5481
1927
3420
3979
5335
944
2096
4018
6235
8774
8918
7768
8671
7685
1688
6658
5271
5085
5603
1713
2913
8572
9301
1447
797
4869
4697
3579
2526
645
5136
4796
6677
6911
9494
5525
457
180
1695
992
3474
7281
5933
3700
6475
6412
5337
374
3393
6079
1502
3134
4553
4733
8118
6957
1206
7913
4325
6613
860
9082
7388
9128
679
8350
6699
6174
8822
5495
4149
2321
695
9191
8400
1439
5046
3627
2508
3997
9002
437
3381
2900
3113
3582
3339
537
584
3079
5714
3495
4699
8635
6508
7529
4918
8336
4370
5074
2121
3682
8858
7230
8297
4459
8489
5820
7583
1960
2920
4651
2763
7792
285
924
1967
2020
8524
7982
4151
9471
7061
1513
2479
8626
6796
680
5849
26
7251
4964
9258
8340
1216
7588
1274
6570
7848
9111
1893
3160
2142
4123
3790
1998
8663
2287
2127
5693
518
1290
9327
2118
8038
8897
6947
4912
2202
8767
6894
3905
4414
6617
4783
7407
8895
6666
3245
6436
6923
7812
9168
8618
4235
4846
9347
1014
2811
8819
2379
2350
1922
6836
7035
7333
8428
43
6076
1420
5789
3608
3277
8458
4995
1479
3147
4020
8372
9047
5787
5471
2581
8973
1633
6936
6009
5973
5518
6171
8659
4734
1914
8574
3500
2311
4281
2917
468
5625
317
8473
6299
3101
7731
9440
7764
5682
9042
5956
6499
5100
2434
3834
1730
4978
5629
5778
3613
3423
7785
7995
6560
5736
9361
5667
6656
6346
7269
6814
830
9104
5455
9293
7102
8931
8929
4841
8868
6536
866
3346
2302
9138
1412
1614
3170
4074
122
8923
6525
3758
8072
5393
6386
1665
7575
8276
1869
5004
2016
4126
6342
911
5167
7443
6277
7613
7314
7100
5143
3403
4494
6620
8559
4287
3257
6693
9391
8994
224
2164
5931
6046
4561
3217
7046
5357
5784
6607
4278
8024
5795
8588
8997
5044
7212
8649
5448
4705
3824
1608
9425
4962
2681
2703
2155
3594
872
7028
69
8268
1330
6697
6961
2422
8248
8386
6018
4417
7349
8792
2464
1595
3810
3235
3667
8851
5696
1692
5779
8417
7375
7830
5902
1529
3925
3228
6328
7496
1537
7665
1152
1783
9359
4176
7006
2408
7088
8157
4034
8523
6616
5418
2645
6405
771
2427
4209
5611
4445
8311
8719
8025
2859
7484
7297
3741
1169
5964
5010
4326
3469
2435
9265
8168
7945
1548
5609
6804
1539
4432
5635
592
91
209
4373
8528
1473
1261
3254
6460
1907
9444
9410
5466
8346
9046
1329
6855
4686
8164
6636
7925
7563
3872
1964
2741
5128
7119
1308
1457
6768
521
7585
9357
7138
7742
5430
6496
3178
6912
380
8976
4712
1347
666
3915
3323
5674
9341
8381
1254
9156
7322
6411
3330
1383
2019
6781
7933
7109
5663
1021
1574
7929
3954
7603
1859
2430
7306
2241
5558
4344
2441
4568
6369
7300
266
6383
9403
2271
1246
3772
5054
6521
6240
9308
869
5078
5747
5806
7135
9226
3414
7855
6060
7790
2123
8941
1837
3421
2801
3123
9415
253
7409
7518
5421
159
5684
4218
1425
8332
9008
4993
1177
9266
6075
8840
3434
5009
8196
7548
1421
730
9485
453
3303
4540
3602
2778
9149
3333
8542
9029
5431
2868
5116
2794
6257
7662
5095
6222
8805
8881
1505
4616
3006
3910
4627
37
9316
724
1551
5192
1245
5994
7587
4174
4773
3746
598
5319
2237
4595
8730
4727
2363
8622
4545
2112
7757
7308
3036
2415
5326
644
9332
4161
3211
8798
4134
6779
5404
2906
5408
8709
4411
1890
6467
8906
5422
8689
4794
8282
8331
5451
5026
741
4007
5756
1986
510
9023
4850
5030
3051
512
5075
2506
4708
8938
7562
2840
1879
5197
1263
4125
5332
8979
4351
89
3045
7125
6238
5808
3231
4006
7240
6762
8890
505
2170
3797
5824
5890
5904
4741
5650
97
3042
8657
20
4332
9034
5253
6312
7417
1098
10
2456
4977
542
3063
7404
6561
9021
3490
479
4310
5560
7894
7641
2843
3900
3904
6809
6793
7667
5917
8266
947
7749
4309
7514
6688
3978
3963
5734
324
9348
2470
5059
3229
2334
8175
2239
1586
4192
9028
3780
3390
9232
5831
5045
6404
8244
7191
3402
6723
8231
3702
3322
3501
5184
8190
1905
4508
2874
8581
833
3496
8866
7200
7049
762
4910
1691
6808
3290
1107
7481
8447
1195
1582
3391
8499
6402
7904
2042
3426
4065
1282
1317
4463
1210
5652
9230
7964
1003
7304
1196
9187
8609
6478
6455
7354
5866
6718
4799
4316
4231
827
3781
5735
5341
2668
8964
2145
6330
553
2117
7047
1949
3369
1891
1764
9402
6470
7153
5063
3871
7598
7192
5103
7478
6069
7395
3139
3408
5021
1453
5661
5125
4263
6852
7488
8452
3762
448
5704
2886
4534
3293
2196
5758
6739
8644
7771
903
6685
5126
4193
902
1988
3903
3552
3909
6017
1654
7104
8131
7596
7802
4136
5983
8308
4746
9055
5687
3908
2996
5664
8056
2361
8674
2219
8913
6863
7570
3351
5574
7482
7272
6964
5814
1004
9352
932
9099
904
6043
7721
2373
2440
4288
1180
4471
1541
8760
4658
7490
1392
7382
2553
5260
5948
7557
8198
8229
8404
8698
5209
5338
2463
6803
4112
2976
9378
565
5292
7959
6631
8999
4066
7988
2251
1278
4165
6185
8745
2588
7611
4286
8102
7899
6364
4040
4061
7111
6459
656
6849
8839
1846
2340
880
5812
9500
2936
3723
7729
8946
3603
6344
6335
6990
5981
9284
3283
1270
7970
3995
2317
6392
5527
1767
7311
6610
3200
2989
8652
8726
6164
8034
54
1193
4802
7187
4377
8757
3569
793
6817
2085
5096
9405
2243
5520
8437
3786
5001
6320
3187
770
7408
3986
9061
922
5202
4698
4081
9113
4172
2473
5942
6839
7948
9339
5101
3886
3137
3769
7110
4169
3463
8682
1981
6200
5233
3383
1830
7806
6773
5089
4113
2629
777
121
4866
2438
7817
4437
3651
9323
7884
8351
8188
7691
6453
6423
6892
9218
4965
9024
4959
2200
4121
8546
2238
3140
5283
1733
2556
8714
5809
803
2327
6001
13
7897
8786
382
2220
6114
1335
3803
9520
7142
413
8094
7124
6301
2402
3399
6486
3325
5417
2024
6989
9048
5691
8780
4729
8633
4996
1326
464
6348
9115
7804
5855
546
3066
7592
4954
5250
1682
9060
1345
98
5229
8422
7117
4464
6243
8441
1643
7879
4482
4182
6253
8664
8752
540
3304
5275
8169
5742
8555
7053
6862
2837
8824
1268
6944
727
9268
8191
6837
4967
2108
4280
9202
8247
7385
5193
7350
8242
3819
8955
9481
8599
8613
5597
1734
7494
2736
5886
4827
8547
9470
8189
5587
295
5521
5487
739
9220
4628
5606
8772
5151
3937
4673
7190
5984
2839
4436
5367
6495
6036
4213
1437
7381
2119
1735
4036
2955
4599
1400
3560
5805
1132
6900
378
7892
4091
4458
8471
9507
5670
439
5169
337
6578
8359
9267
6489
8651
926
6276
3661
8794
3310
481
3951
7550
1305
3545
4785
6239
5690
2664
9261
409
1839
3018
4938
9224
2059
5712
8411
6702
8031
9372
139
2452
7940
7415
155
7052
1997
4438
7058
5959
5411
1238
6212
9247
8250
3165
4362
5599
5878
3376
490
3361
6179
8388
1234
9244
8551
4062
7779
5697
5259
7078
4289
39
7253
4238
1424
3612
3455
1597
8066
33
4476
3806
8011
655
7093
7556
7924
4345
5954
1895
6465
8455
7546
3208
6594
6884
2950
8587
839
4779
9088
5183
8606
6231
462
8014
4730
7503
7990
735
6151
3953
4684
4461
4023
9333
7683
8161
9334
7227
3432
9035
6223
1863
9460
5528
4248
8721
8174
3701
5409
7398
8707
8624
617
9480
7786
7452
9462
8904
736
688
4985
9242
4676
7969
4961
5937
3735
8338
614
9461
8026
9263
8693
8326
4994
8770
5312
8208
9031
711
8583
7224
6703
2331
5533
9215
5614
5928
2472
7694
2333
2194
2489
5033
9049
9519
6599
1147
2702
6355
934
7558
8170
4854
7226
2602
8113
3265
652
9045
4832
4831
7155
2045
1516
9467
4185
66
5925
5082
5512
2036
6689
7695
4909
8016
6186
6485
8508
8516
2204
4423
5633
2959
8120
6955
1552
6030
1977
8481
7623
4259
2010
6826
8071
6418
4080
4279
8391
3777
1170
8563
190
5698
813
7947
7829
360
8293
1568
9019
4170
6937
8826
6708
7009
3962
7186
4441
2283
4322
8329
7250
8781
7266
3072
555
4435
8885
8054
9488
502
1887
1415
4677
1493
660
5843
282
5067
789
1442
6278
8453
4753
4679
5918
1109
1782
851
7602
7943
8961
8124
7410
3521
4569
676
7363
1438
6770
4657
1356
3898
8942
6705
4420
8887
3593
6638
7258
4270
8373
5381
8262
780
3648
6388
875
815
5110
4948
6279
2712
1626
8567
5
5321
6675
7247
7597
4115
1362
3272
9298
5008
7338
1758
2252
5908
8769
3833
4477
8820
7555
3209
4898
5467
7986
4578
2781
7022
3345
1231
5235
8206
6846
8419
3044
6444
2646
6300
1906
6721
7260
6810
1649
5340
567
6011
4246
4803
9153
979
8310
3546
111
6969
6358
9483
937
773
1344
1645
928
7498
3169
8580
2792
3688
4442
3749
4615
4786
2982
6736
8210
5331
2776
8180
7671
5586
8591
7133
8672
530
6653
2037
3338
5291
3991
863
7467
5567
4649
7462
3650
8147
5769
8680
2579
8843
5640
3757
620
1705
525
2961
1886
538
4232
9140
5791
3684
7091
3368
3677
1266
8741
4144
6998
7765
2561
5493
8954
8748
6565
7876
5049
5912
4388
7225
6946
7821
6078
8146
9318
1731
8274
4291
8549
3852
4835
9272
5462
9386
6648
9320
5539
7205
7450
1992
7852
8288
3751
3171
7814
9297
8753
3514
3095
8183
7825
4793
1459
2172
1314
7727
2856
3927
196
1641
9007
5593
3800
9234
6875
8629
6206
9065
1951
19
6202
4227
1227
3394
8067
4338
7993
9194
5264
7737
4586
8764
8421
156
1816
4791
3519
4237
7744
8255
8178
5741
6352
452
1546
893
5615
4598
9274
8578
6275
5237
7939
6558
1880
7909
2247
8799
4947
237
7762
7271
7387
8850
7228
5323
5990
8927
8512
9389
2009
6321
7069
8908
8560
6083
7507
6664
5624
5127
7836
8319
3067
5104
1642
6089
8675
3793
9013
7181
4950
7080
1575
8777
6156
3554
7554
2229
681
6502
5139
2387
5314
6506
8201
6634
3065
6590
2783
4190
878
9094
4642
3981
4253
942
7652
1571
844
8548
4784
8413
8960
5503
2106
533
3804
1770
1093
7823
6819
3882
6308
6582
6259
7973
6672
4680
6695
7860
5764
7115
7862
7113
7065
1971
5006
2022
8307
8849
8440
361
332
6157
2292
9449
5453
7254
5457
4983
4333
7937
2939
3655
220
2378
2097
3103
1644
6095
3829
2326
423
6722
7778
1991
7769
2815
8911
6045
572
8327
7274
4082
100
1194
5916
7560
8361
8076
9497
8476
8775
8818
6054
8557
8861
4212
7140
5458
8736
3146
6131
2052
6735
5796
3260
8153
6629
8932
7134
6070
2199
6563
4048
5971
5532
6192
5349
2077
6149
3714
3100
6557
2395
4845
4776
7972
5510
463
6027
5035
2175
2991
5592
6329
5568
5293
2797
7564
7316
9276
6209
5234
368
4449
4118
5748
766
8856
6334
8541
7775
8064
1811
3400
4711
7748
4111
8156
2517
5647
5098
6976
1607
7710
2143
5772
6106
8365
2930
3753
5616
3183
8834
5868
212
8688
8172
301
7910
7290
1230
4339
2914
8602
3016
6398
8001
3352
4963
5623
6678
4008
9185
6641
6543
1587
4328
7919
276
8593
6138
3191
9330
2756
6118
1499
1756
1909
4828
199
5517
4015
4271
9090
8281
8953
8621
3767
8347
6943
2149
2197
8218
6437
3860
7934
9296
8526
2087
5811
4009
2054
162
2400
6588
385
52
6615
2437
8825
4177
4619
2525
5175
8289
3354
7834
3948
1761
2673
9158
2235
1657
5906
8092
8638
1944
55
3529
9524
44
5692
1763
6523
1153
8494
1121
6361
3580
3382
2636
7850
1601
1789
9222
5218
4454
53
7128
5526
1108
1831
2515
4354
7750
618
1523
3830
1857
2516
8862
6387
8374
3596
2240
4563
7574
4917
6720
7626
3116
4026
7097
4934
792
8134
6704
478
7116
3291
2364
1443
2940
6528
8204
8645
1416
2740
1
6038
7534
6905
7878
8261
6273
8257
4714
8562
7347
3573
4798
4775
9302
2498
8711
7567
3195
807
8694
3849
3588
562
6056
1409
8594
7745
3246
9351
8070
7516
2535
9223
5174
8968
5141
1545
4523
1598
3583
9273
2925
6440
3865
8812
4975
6133
8884
4826
7276
1423
4847
9195
4560
8363
6462
5783
3132
3023
7889
8915
7384
8207
1990
2987
2850
4063
4443
6690
5901
8478
8371
2465
3863
6104
6306
5261
5668
5767
6606
1396
1721
9027
9456
9337
6175
976
8838
4303
3524
2826
8498
1374
3926
9109
221
4312
2546
6684
5281
1740
8754
7984
7370
7374
7838
102
6261
8739
8502
8259
7921
8068
7961
494
795
4196
6028
8043
8503
8984
570
8302
6913
7305
2632
2375
7605
7911
2354
4512
7636
9152
1351
9380
5485
3565
6416
5475
3789
1605
1549
187
6748
2639
8228
2689
3202
8457
4585
3539
3675
786
5374
3335
2641
4922
6686
596
4220
2962
6514
225
5563
9441
7601
8957
5064
8967
3008
6652
1527
4257
8050
3364
7493
7571
6401
5383
4949
8687
3747
1405
5566
781
6472
3000
5934
3707
4920
1460
4199
248
5109
7772
4200
3570
778
732
8090
6801
1455
7632
4410
8728
9338
3604
8579
720
6230
7229
4943
403
9203
5666
1810
5786
4541
6227
8321
4645
5919
1732
9159
6000
7211
3467
7706
4005
2282
8221
6665
4243
8184
7149
2894
5940
2082
4919
635
1606
7791
9146
1822
83
4379
2857
9186
4032
3639
234
6574
7704
7758
9421
9430
8595
7698
3446
5347
7288
4431
1765
5751
86
2634
7544
7782
3696
3668
161
8303
7872
297
891
7622
7819
5535
8716
7480
7963
8482
9064
1471
7770
935
548
3693
5034
3794
1911
146
7038
8965
8272
2103
940
1760
8612
9366
4499
1481
8292
8940
9123
1352
5613
7175
2448
1613
2509
348
375
3850
1970
7843
9482
2759
7071
5217
8062
8258
7068
5433
3679
4428
6940
6608
9475
6853
898
867
7996
7586
7831
6432
1852
6080
2160
8082
7946
3932
7577
6220
8634
5945
9025
4958
4365
3242
7431
6316
7952
1151
5084
1805
1217
6715
2820
7696
9506
6529
6110
2015
3440
8069
6337
931
6073
4255
9495
8586
2915
8475
5965
4394
9108
2644
3161
4039
4907
4531
3252
4233
2800
4637
6878
8676
8920
9493
5469
4518
6752
4083
9317
4175
5961
7356
7002
7369
499
323
8238
9124
4152
2081
446
1179
6225
7702
6284
5728
1780
3799
535
8991
2536
2983
4042
8832
970
4331
991
3752
487
3190
2830
7859
3527
8720
6031
2994
5222
6850
3652
5358
3010
7551
4504
6135
1838
118
4524
3443
3884
8751
7835
1115
3029
6908
9089
5708
8604
9017
8654
4306
3571
8464
5681
9127
6790
4466
3916
4282
9054
4485
8425
5883
6903
4535
3336
4781
6632
2423
6994
8776
7653
6194
1125
5363
6183
247
8628
4399
6228
8111
1355
7525
1361
6111
5050
4914
900
3377
842
9340
6124
397
6245
8807
8740
4298
3061
4178
9305
8354
3398
3499
7893
5295
8802
5131
6982
6067
957
9036
6262
5548
5995
3025
5584
877
1365
4300
3238
3268
6780
7783
7026
7676
8723
3766
447
7649
269
5011
7234
4778
5621
8410
21
9355
6331
9199
8585
4473
8213
5266
6288
7391
3983
6657
9006
1159
6313
2657
5220
3457
3759
728
9169
5350
8136
2834
7803
8809
4158
8214
7928
7217
3976
6332
938
8275
2450
2921
5070
8829
4777
8846
8983
8320
8004
7436
493
2520
6488
4719
7618
3547
50
7906
6584
7435
8197
6977
2543
2065
9299
8185
7549
3538
528
6579
8661
120
4937
4929
8891
3452
2538
2043
5718
9281
8018
6918
2337
3022
1201
6794
753
3050
7657
9058
9455
7811
5993
8771
2381
6821
6024
8701
4068
3875
9217
5649
7630
4427
2011
6258
8525
7476
4266
3379
1376
7092
4583
7270
2551
8959
870
6554
5198
581
6991
455
7735
4244
7309
908
3614
7131
2424
7628
600
6326
7440
3718
3683
6233
3862
7057
6062
2032
4045
5852
7390
8081
5688
2462
8283
6532
6504
9254
1940
718
834
1223
3043
8992
4327
263
8330
112
8344
1564
6535
2227
80
8743
471
503
246
1775
1511
5793
4376
2266
8
7036
6972
7346
7847
3355
6893
373
9477
4060
7151
4939
4915
5724
520
4283
2758
5216
818
2617
8667
7511
8691
7809
5434
8352
8582
41
5158
262
6390
6113
8905
4591
2782
2439
1639
6109
5339
7914
5249
383
6161
7430
7263
9304
2393
1984
4982
3371
8036
9102
1285
1958
1845
4363
6292
7010
799
5272
4774
1034
7538
2555
4603
3587
5880
3856
5999
6848
7423
8091
8239
616
5773
599
6676
6654
7248
9278
6547
7366
6555
8427
2023
4028
7169
6856
9342
7437
5816
6376
5159
4285
1005
6626
6921
7724
6851
387
7761
1878
7083
3159
6766
3874
8806
3980
5507
9435
7950
8267
2277
5071
7401
5468
6295
1666
8103
2193
6589
4201
802
8080
9400
5810
6477
7499
4701
2942
2208
8144
1876
2786
1832
3162
9508
6775
6307
9160
3144
6603
1255
9303
4666
6682
2757
6315
7123
6007
9012
517
3615
4086
2694
6280
2275
4899
6593
6832
6188
5544
3879
8601
3011
687
3002
8801
8263
1729
343
805
7701
5892
1873
9437
334
664
6753
8348
9071
5150
1191
6668
7966
1889
1700
7284
748
3525
3344
4992
8385
6256
6928
4455
407
2836
8936
238
5813
2198
2148
4341
4717
5285
4153
109
7736
141
5845
7854
1882
853
6571
6267
7432
9204
4863
782
1696
2933
3416
6021
2882
1584
1681
8653
7874
9448
8631
7908
1795
9
7901
9422
8008
3289
1244
5754
3478
7044
8917
5717
6645
6286
7658
1603
110
3331
9527
2180
2339
4897
3236
4426
3528
7442
3125
7206
9353
2105
3649
3454
1309
2911
236
5707
4728
6562
529
8520
4590
8022
7580
5389
2699
5746
511
5876
7975
4906
9512
6577
658
2496
7895
7918
7386
2002
7295
7479
8497
2671
9184
310
8217
3494
1526
9050
5932
4611
5636
2
4133
3618
7532
1510
1422
5482
5227
8590
3070
5799
4088
8759
4340
7208
9463
6434
445
7666
1871
9190
3584
9155
142
1198
523
3491
2557
571
2630
352
4129
3269
8173
2717
4284
8980
8300
1743
7327
7446
2833
1724
8468
6743
8290
749
2307
6055
4064
9392
2293
8836
9132
9103
6782
8722
6102
420
74
1456
5352
7627
3809
5307
6822
2273
9219
6637
2806
5368
362
137
8845
1592
4748
6100
9368
653
6859
1877
3982
8379
6400
6144
6345
2501
22
4383
6382
3629
526
1247
1739
8761
7697
1851
5445
9120
3397
8870
1476
4543
2550
1466
7278
1068
936
1550
491
5996
1769
3537
7460
1029
7987
7541
3138
8309
8450
2336
3792
7500
9504
6818
5867
2620
2341
7522
6788
7353
5464
8795
7372
3350
2563
9349
7646
568
921
7489
3801
5590
4957
9447
3334
326
182
6353
5641
8668
2343
7793
6726
6415
8922
3307
4672
6758
7098
2686
8246
4116
1694
5499
3562
6552
6785
226
6497
8019
4352
1293
8800
8280
2693
8646
1495
3956
9436
4409
7204
4815
8100
299
469
4617
501
536
8155
1604
8782
8540
7844
5853
4851
9009
7923
3938
5785
3920
1183
988
3690
4207
6319
6203
7172
2647
9453
2316
8203
2074
4075
2294
2458
6698
7167
4412
677
1086
2171
1463
5375
4661
5429
7680
7463
6050
978
3555
1737
3273
7130
7444
684
5231
5241
5140
8306
9271
747
3439
9419
113
2218
3663
3775
2061
3484
392
3136
4834
3049
7513
9294
8847
5206
6857
969
3158
2017
835
4240
9367
7041
8684
513
755
6707
4542
5924
4800
429
5270
4171
7523
6451
3261
5797
7863
9417
5279
480
8264
7005
9311
8790
456
698
1599
823
1522
1292
5289
3673
7156
1762
2365
4653
8125
9133
6988
5415
6446
5461
4210
7074
9238
8619
5943
7072
5112
7741
6384
8901
436
7419
31
6711
905
5848
3778
9250
8987
8312
7931
6783
7429
2918
7066
391
358
4509
5138
4368
4769
3798
2152
2426
8399
5985
7527
531
9135
8876
6712
7606
6692
767
4251
7337
5873
5346
587
1808
6372
3864
7927
8914
325
6774
8532
4295
7582
9150
5941
1809
2904
6010
7397
7774
9041
9526
3837
9248
5731
4258
6643
5775
4019
8078
9295
7013
5081
8194
8195
7348
1774
5780
1567
9517
7189
1883
8415
1023
6585
9492
4707
2656
3606
198
9062
1469
3359
7231
8112
7767
5372
5807
2318
3744
7871
5860
5164
8685
0
1468
6221
2417
9489
7660
6399
3551
4522
9198
3578
3815
796
17
3782
3935
3567
9434
2270
6303
6751
8023
2867
7000
2529
8403
8814
7418
4105
508
7826
8804
2086
7458
5145
7599
6391
5595
1661
9516
3966
6450
746
2039
2929
3890
3406
5361
758
5239
8392
4052
6680
2457
8443
7221
5962
998
6973
8045
7789
8766
6397
4203
783
7457
2253
527
451
6439
541
5577
4755
8530
8123
6527
3059
3704
3950
8978
8597
7651
1591
3057
4955
7801
6887
418
6569
4425
9181
3595
4944
144
6378
4566
6825
8035
1787
3102
8167
3119
8114
4264
9275
8037
3108
6889
8903
4452
2269
313
5562
8465
532
1127
7084
3620
1319
8627
2672
9399
9174
4408
7985
4663
6466
8610
404
5051
2944
3017
7403
9188
1776
16
8107
5083
8423
5730
1957
298
1670
381
6093
5665
5248
9433
613
5838
135
367
3412
7816
7851
2669
5792
1518
3985
4317
4260
3992
1316
8683
3502
9095
1799
6433
7528
8678
8758
6647
8989
4202
6429
4217
6916
3807
2832
7715
6750
241
1382
5172
3489
5660
4630
398
4567
1057
1754
1881
763
153
5384
2988
1902
1354
7422
1800
6873
2013
244
8328
1656
1350
3720
7978
3111
8077
1699
3486
7887
5452
4024
4525
593
6234
6189
7857
9401
8496
5311
7756
5502
4103
5023
6087
5504
9486
8397
621
3019
6168
384
7465
8972
8369
3591
8040
2088
425
6211
9093
1593
1197
3600
8323
8012
7707
8704
4416
7315
5846
4241
7608
5975
4557
2038
2513
3387
6325
8324
4444
178
4931
1445
8030
6941
2735
1932
8708
3589
427
7703
4384
5391
9395
8047
3407
1321
8665
4181
5572
7510
6298
2095
1494
5385
3097
3861
1572
8406
5423
7759
8703
6193
5025
2975
8615
7953
461
9026
7107
8454
7559
2048
8165
6381
7033
5905
3174
2734
9418
4261
2391
7265
7451
6745
6592
5921
2493
6667
1913
8690
2188
691
1561
4046
4250
9413
101
1472
4159
8046
6013
2654
1798
2351
8325
2585
7158
9356
3785
4145
402
4109
8240
7938
6914
4643
4398
4415
4254
8005
3665
9358
9382
4084
3155
1848
3356
5163
1113
4574
2047
7725
754
5147
1531
5800
2460
5804
2276
8436
8810
454
7298
6119
4559
6611
6926
7670
7690
5191
4565
8376
3428
5489
1861
5424
8869
2066
1972
7955
6501
9259
7232
4577
3243
1349
3357
3034
3795
2684
3771
6811
6409
4770
2093
6531
5524
3870
8817
9241
1939
9443
8202
4069
6952
9018
3670
7552
1766
2760
2747
23
7127
8021
5072
5596
2244
2524
8538
6154
9225
6595
4878
465
9117
1580
3623
4163
5115
8925
8003
7805
5972
7310
8570
7461
7024
2089
8009
1898
4225
136
2187
42
6237
4017
6597
9269
8192
4876
668
3342
3294
3921
6491
5403
4448
1667
8284
2539
2638
1828
559
5472
277
3737
1497
4395
6408
5683
3520
2635
1138
8545
8556
6987
6254
9014
4314
2905
1926
9206
8608
3250
9154
3060
9315
6272
7537
7635
5944
4618
6094
9328
7163
2141
59
6417
8265
9179
6125
5950
7846
9285
7029
8138
3488
4814
9374
6339
812
772
2795
4324
1212
3220
6800
1912
4249
6026
483
3897
8835
5310
4219
5815
9472
2935
9373
6526
2523
6673
4334
3384
9445
8356
808
9420
3388
90
2154
3960
6939
4857
6867
5244
6854
633
6904
1294
8013
3783
9096
11
3093
400
3957
9183
7273
6020
5309
3526
6438
2211
1827
4999
1295
965
6719
9313
1226
5709
8841
8364
6265
6898
6886
7177
881
5306
7609
4945
4549
3404
5608
2425
8370
6249
6266
3141
7672
6872
8390
1310
6733
5156
3894
5182
3105
3449
820
2126
4198
8956
579
9407
336
507
353
5887
6572
4160
4892
6945
5287
3427
1862
2284
2934
3267
4025
3939
5148
8731
8287
3214
2622
4107
1819
5516
861
8865
3013
4629
419
6289
3089
6778
8252
8084
4430
4047
604
2875
7359
7951
1840
5594
4739
7700
9452
1759
2067
2044
6296
3324
3540
4875
9286
619
673
5178
1377
3479
509
8996
4090
9292
5570
2696
5752
4884
5476
3041
1636
8149
7214
8620
7067
2803
9067
4347
9003
6881
147
227
672
2824
914
9411
8742
9246
7199
2805
8600
6197
6042
4488
3878
971
1858
4156
5619
2682
7968
8504
7868
4372
9364
8816
7654
3106
1801
8148
8075
5729
2109
4648
4592
6403
3717
7299
6865
3503
9290
6430
939
2480
9408
9474
6498
2021
9427
7424
582
165
4706
5062
5479
3763
4003
7045
7689
2209
6481
1684
826
1779
2007
6121
1047
8833
7572
4685
9306
734
4480
7014
5893
7755
5327
3343
4369
6769
2692
6314
108
1167
6548
2829
9249
5639
4380
4723
5435
6642
7520
7866
2382
1200
6039
1427
2704
2094
3858
2995
982
583
2268
1850
5387
5755
3931
8044
6165
3392
4114
9438
6
3419
7504
386
8705
7645
1419
406
2249
388
5165
2139
7063
9487
7883
8474
2190
5316
5844
5212
901
667
6484
9207
4991
1470
561
4276
3405
5166
5605
544
8886
4483
7085
3240
4274
1501
7828
9404
7394
7077
1303
8154
8844
2601
58
811
1114
3912
1311
3581
8985
396
1428
7082
7449
4669
1322
2091
824
4840
7723
4503
72
1404
1640
6343
8463
745
5405
886
28
5703
3248
4551
3739
4320
5771
545
6598
7291
4405
5186
3765
1458
8930
6740
5850
8065
4098
8611
32
9033
6545
9291
8605
5069
7021
8488
7183
8813
7360
1334
6691
5236
5515
6195
7506
4582
9148
7754
5881
6968
6287
8566
2530
7103
606
8575
4743
6605
8880
3347
9072
8426
1124
7090
9465
8515
3530
3213
1130
6827
608
4830
260
4097
7287
7464
2642
4155
7686
5699
5459
6281
8253
7957
8315
349
8919
1577
3465
5066
3035
700
8073
3883
4927
3470
7469
601
5643
8534
4981
8933
7184
2250
7087
3869
702
7447
3692
9239
2878
6134
4011
292
2446
4759
441
3889
5359
6494
5969
9501
9416
1338
1870
554
8535
4579
837
2719
8179
2540
4256
5390
8784
5582
4516
8569
564
560
233
640
2433
5416
2992
1590
8343
5053
5498
8558
9163
6305
5777
4404
4359
2272
2068
7625
6559
6628
354
3672
3544
6173
8389
3133
3703
8636
486
1768
7907
2298
8182
8424
7474
3337
3435
2138
865
2151
7376
9387
801
7477
1778
1802
8220
3716
6725
7712
7051
7998
3706
2813
5818
7699
4596
1030
8993
6655
4424
8642
764
4556
4953
7902
390
3177
4536
5511
7634
3028
6191
3558
9484
7861
6283
8749
8135
5540
2690
3212
5079
489
3566
5506
1899
3473
1204
8803
7979
8910
8614
6349
1413
8337
5041
377
5559
1360
6293
1849
2927
5763
5922
5557
2183
3163
4693
6993
1118
8387
6583
8270
2793
9200
7070
625
450
8349
1989
9431
9081
8015
4451
1373
6890
9264
3328
4290
4824
8859
3366
8871
7292
7595
2203
5835
809
7331
733
8539
4888
2368
3296
3646
3447
9051
7679
394
2335
4208
9010
3522
5068
8232
1685
4386
2349
5478
8108
852
2487
3154
6669
4916
4510
7760
7915
5428
6468
4229
1803
2796
5569
3934
2907
5727
6219
8669
2411
2788
6984
7042
7678
4180
6929
5659
4879
9044
3156
417
6347
756
5695
514
4497
8055
9252
6044
3965
6084
4101
8027
5788
2909
2851
9016
5581
119
7813
9260
7264
6066
8002
713
4100
3413
6103
2688
9171
1111
6997
9210
7412
9245
9515
9255
3599
1579
8939
7967
4099
5842
3320
8928
8127
5360
2134
3644
721
8821
647
6424
6421
6777
2332
6966
1933
8974
4468
4968
6683
7610
3030
8254
8117
765
4154
6152
7313
3572
4010
8785
7668
6242
6140
1698
3601
814
5678
4833
3362
506
7865
8141
1368
8151
2184
7043
4095
9164
5869
9324
4606
8396
8409
5710
9139
7220
5203
7343
304
6167
3349
7137
918
2490
602
6483
4146
131
712
4667
7495
719
3182
895
9144
3237
6160
5230
399
4337
960
7294
4108
4942
1726
6196
7148
4141
2785
6311
7203
7114
1498
1435
7684
2001
6765
5588
8573
8998
5366
3270
5864
4538
8640
1441
524
1718
1749
8298
1860
1000
8830
2280
3109
6088
2274
8893
8341
1821
9209
8139
7643
1629
8460
1687
286
8322
7454
5870
8305
498
1112
6917
8648
4364
9052
5446
8098
2165
5551
3181
1507
2584
8445
5858
4148
5514
6901
45
4059
6246
574
7631
2366
6731
8779
5733
2817
4732
7796
638
8215
2214
8096
3087
7257
1393
9375
704
4820
4737
3656
7
4382
1430
6309
7054
7326
5781
8097
4696
6951
2385
910
952
7414
2443
5935
3832
1648
6033
1534
5086
605
5776
1122
6871
7655
3536
1973
163
4
6920
6122
1313
9514
1797
683
1978
4622
7197
9080
4610
3104
4688
250
3207
34
5749
9393
5654
7023
5443
6098
1286
6868
2951
4527
3422
726
7162
5859
8926
8177
6464
8907
3831
7468
6431
2873
4054
9381
5743
289
2186
2677
1632
3876
6807
615
611
2396
7259
6949
308
8121
4933
485
8041
9136
7944
1503
5982
585
8958
543
6834
9397
8470
4718
4110
106
2312
9370
5380
229
8988
4921
7406
7196
2407
4475
3855
9439
6992
7126
8700
6112
4489
9000
7922
9253
7483
8962
8074
8531
3607
8977
2675
8334
8796
9469
6687
7325
1610
7818
1533
5585
9322
5274
1538
3319
7535
9360
6004
8227
3952
9032
5980
5974
8677
9043
4358
5065
458
1091
1221
7594
3791
4584
8527
3592
2488
8119
9390
7711
6395
2558
3556
6452
4407
6340
2075
2445
6351
6155
3930
6065
4355
9384
5386
4911
3329
3321
8975
3374
6967
4183
9001
2304
6924
5221
364
3755
7795
7800
9119
3557
411
7018
1804
6274
309
1521
2499
9525
8712
2092
4265
8660
6974
9020
6482
4885
8211
6681
9321
603
4751
1064
8873
4548
2476
2993
2330
6385
2370
3425
5997
3021
862
7171
4389
7193
350
2416
3678
2549
9107
3577
8493
5700
5998
709
7132
84
9429
8333
3666
6061
8431
5920
8273
9229
1175
8104
9208
626
9426
703
9057
1515
8059
8584
5449
7256
7060
3453
2821
4457
7877
5268
4076
8639
2236
401
8500
6823
2215
6473
8808
7604
9479
6885
6544
3348
8442
8702
3003
3686
5365
4142
2531
4890
3001
1436
2372
4501
4640
9068
2409
6934
4164
8316
1228
2389
2390
472
4812
4319
534
3784
7008
3712
5019
4987
5170
2102
5653
3264
7089
5552
1256
7675
5505
4447
8505
7720
5412
3866
497
496
6323
3796
5871
107
5058
641
6426
3005
5631
4725
5628
663
366
6824
4385
4390
8827
566
2486
654
3709
8446
3112
7261
5317
549
4908
5542
4297
1747
9503
81
1174
3107
4813
9182
519
9398
7453
4655
3450
8673
6260
5926
7980
9147
2099
1186
3152
8797
1407
3881
5343
2471
9346
6922
7656
3993
948
6162
5029
4671
1628
6874
7491
477
1199
5936
8747
8236
6986
290
4520
4234
722
7020
5833
1994
8519
2003
2305
6727
2916
5530
5232
9491
9161
6763
8837
7600
4704
6938
1738
438
36
761
4348
2954
2459
694
408
7640
588
4722
5536
5946
575
7713
2941
9490
1703
6840
7607
8249
8894
3203
8501
3114
9376
1570
6671
8725
7079
3480
7139
4204
3148
4166
8435
3996
4361
4147
1856
3816
8466
8647
7971
6091
6463
5753
3823
4843
7591
7989
8451
8823
3411
4085
8713
2853
2076
3053
8028
6166
9383
1275
2338
7794
5555
5251
7614
7239
8020
369
5745
2383
6587
125
1663
1711
2662
7807
1140
846
4184
7357
6696
4738
7438
6445
8133
5240
1336
4191
5648
7773
8589
5989
3969
2285
576
7241
6870
1930
1708
7536
7730
6910
5770
6029
8318
6600
5898
5254
8116
3179
5839
1924
9011
4754
3811
7176
6864
6879
6651
9423
5024
8878
6639
7616
6318
2421
1812
4956
5028
6317
9070
3822
6649
6511
4856
7501
9414
372
7492
9379
4299
6644
4311
3498
3685
4626
8042
7351
6207
2447
6515
6831
1229
4381
6282
6198
2679
4893
832
6956
4433
1965
8061
6241
3004
3942
8212
6627
752
1866
5744
5841
7714
6324
5002
3487
1772
1426
838
258
5607
421
6208
1677
4877
7515
2541
3805
6518
3464
5242
3586
2552
1544
5543
3263
6710
1757
5720
3186
2511
9319
7201
3055
60
8129
1794
8692
4715
2182
5152
629
3598
2289
4226
5760
5133
4859
5400
3922
4816
3027
1461
164
4307
7746
9073
7289
2104
7118
2130
4038
7198
5851
7180
5160
7143
4901
6210
8219
3395
2637
3143
4750
2570
8241
3444
5737
6363
5903
3990
6622
4491
6169
8243
1952
7508
7336
2246
5243
6858
4805
46
7427
476
5721
6564
1987
6776
2159
5987
7473
6170
433
8160
415
2295
2990
3840
7106
7040
7780
428
4013
6082
4633
7663
7213
5224
5288
8717
2790
7621
3341
6509
1706
9098
1916
8166
8251
4224
7881
7487
5656
8467
8762
8536
9131
273
6621
7293
5589
6551
5223
9473
9004
7533
7164
3836
3761
2869
6375
3451
4162
4902
6960
4903
9329
2014
8137
5915
8382
7810
6630
7055
3773
7994
5092
9394
2291
8176
231
3512
376
1678
9300
